,brand,price,Ram,ROM,Threads,cores,gpu
0,HP,49900,8,512,12,6,AMD
1,HP,39900,8,512,8,6,Intel
2,Acer,26990,8,512,4,2,Intel
3,Lenovo,59729,16,512,16,12,Intel
4,Apple,69990,8,256,8,8,MAC
5,Acer,39990,8,512,16,12,Intel
6,Dell,36790,8,512,8,6,Intel
7,Acer,76990,16,512,12,8,NVIDIA
8,Asus,48990,8,512,16,12,Intel
9,Samsung,74990,16,512,16,12,Intel
10,Lenovo,49990,16,512,12,10,Intel
12,Asus,72990,16,512,16,12,NVIDIA
14,Lenovo,29990,8,512,8,4,AMD
15,Asus,53649,8,512,12,6,NVIDIA
16,MSI,33990,8,512,4,2,Intel
17,Infinix,79990,32,1,20,14,Intel
18,HP,68990,16,512,12,8,NVIDIA
19,Lenovo,45990,8,512,8,4,NVIDIA
20,Asus,49900,8,512,12,6,AMD
21,Apple,104990,8,256,8,8,MAC
22,Acer,54990,16,512,12,8,NVIDIA
23,HP,49580,16,512,8,4,Intel
24,Asus,55990,16,512,16,8,AMD
25,HP,43990,16,512,12,6,AMD
26,HP,19850,4,256,2,2,AMD
27,Acer,28990,8,512,8,8,Intel
28,Acer,54999,16,512,16,12,NVIDIA
29,Dell,70990,16,512,12,10,Intel
30,Lenovo,56889,8,512,12,6,NVIDIA
31,Acer,179880,16,1,32,24,NVIDIA
32,HP,53790,16,512,12,6,AMD
33,Acer,37990,16,512,12,6,AMD
34,Acer,96990,16,1,16,10,NVIDIA
35,HP,71990,16,512,16,12,Intel
36,HP,59990,16,512,12,6,NVIDIA
37,Lenovo,62990,16,1,12,8,Intel
38,Infinix,30990,8,512,8,6,Intel
39,Lenovo,74990,16,512,12,8,NVIDIA
40,HP,36490,8,512,4,2,Intel
41,Dell,77990,16,1,16,12,NVIDIA
42,Samsung,54990,16,512,12,10,Intel
43,Lenovo,41190,8,256,8,6,Intel
44,Asus,89990,16,512,16,10,NVIDIA
45,Lenovo,399999,32,1,32,24,NVIDIA
47,Dell,31490,8,512,8,4,AMD
48,HP,70590,16,512,12,8,NVIDIA
49,Asus,104990,16,512,20,14,NVIDIA
50,Lenovo,23990,8,256,2,2,Intel
51,HP,37999,8,512,12,6,AMD
53,Lenovo,30849,8,512,8,4,AMD
54,HP,58990,8,512,12,8,NVIDIA
56,Lenovo,49990,16,512,16,8,AMD
57,HP,51780,8,512,12,10,Intel
58,Asus,68990,16,512,16,8,NVIDIA
59,Asus,85990,16,1,20,14,NVIDIA
60,Lenovo,96990,16,512,16,10,NVIDIA
61,Lenovo,148990,32,1,20,14,NVIDIA
62,Asus,72990,16,512,16,12,NVIDIA
63,Dell,84490,16,1,16,12,Intel
64,Asus,60990,16,512,16,10,Intel
65,Infinix,33990,16,512,8,4,Intel
66,Asus,35990,16,512,4,2,Intel
67,Acer,60990,16,512,12,8,NVIDIA
69,Asus,62990,16,512,12,8,NVIDIA
70,MSI,65990,16,1,16,8,NVIDIA
71,Infinix,23990,8,512,4,4,Intel
72,Asus,61990,16,512,12,6,NVIDIA
73,Dell,36990,8,512,8,4,AMD
74,Asus,50970,16,512,12,6,AMD
75,Dell,184999,16,512,12,6,NVIDIA
76,HP,109990,16,1,16,8,NVIDIA
78,HP,39150,8,512,8,6,Intel
79,Acer,92999,16,512,16,12,Intel
80,HP,80990,16,512,16,8,NVIDIA
81,HP,55850,8,512,12,6,NVIDIA
82,Acer,38990,8,512,8,4,Intel
83,MSI,53990,16,1,12,6,NVIDIA
84,Infinix,38990,16,512,12,10,Intel
85,HP,139234,16,1,16,8,NVIDIA
86,MSI,57990,16,1,12,6,NVIDIA
87,Lenovo,89999,8,512,12,8,NVIDIA
88,Acer,37990,16,512,8,4,Intel
89,Asus,30990,8,512,4,2,Intel
90,Dell,92990,16,512,16,10,NVIDIA
91,HP,42990,8,512,8,6,Intel
92,Asus,59089,16,512,12,6,NVIDIA
93,HP,72999,16,512,12,8,NVIDIA
94,HP,126742,16,1,16,8,NVIDIA
95,Apple,126990,8,256,8,8,MAC
96,Samsung,49990,8,512,12,10,Intel
97,Dell,74390,16,512,16,12,Intel
98,Dell,52990,8,512,12,10,Intel
99,Lenovo,60990,8,512,8,4,NVIDIA
100,HP,98174,16,512,16,8,AMD
101,Lenovo,18990,8,256,2,2,AMD
102,Asus,38990,8,512,8,4,Intel
103,HP,41950,8,512,12,6,AMD
106,Asus,40990,8,512,12,10,Intel
107,Lenovo,74990,8,512,16,8,NVIDIA
110,Asus,10990,4,32,2,2,Intel
111,MSI,88990,32,1,16,12,NVIDIA
112,HP,54990,8,512,12,10,Intel
113,Lenovo,49990,8,512,16,8,AMD
114,Asus,80739,16,512,20,14,Intel
115,Lenovo,62990,16,512,12,10,Intel
116,HP,62990,8,512,12,8,NVIDIA
117,HP,69501,16,512,12,6,NVIDIA
118,Lenovo,59990,16,512,12,8,Intel
119,HP,54990,8,512,12,6,NVIDIA
120,Lenovo,64990,16,512,12,8,NVIDIA
121,MSI,37729,16,512,8,6,Intel
122,Lenovo,50712,16,512,12,6,NVIDIA
123,MSI,44990,16,512,8,4,Intel
125,HP,49990,16,512,16,8,AMD
126,HP,72990,16,512,16,12,Intel
127,Lenovo,52101,16,512,8,4,Intel
128,Infinix,28990,8,512,4,2,Intel
129,HP,69490,16,512,12,10,Intel
130,Acer,39965,8,512,8,6,Intel
131,Acer,54990,16,512,12,10,NVIDIA
132,Asus,46999,8,512,12,10,Intel
133,Asus,83990,16,512,16,12,Intel
134,HP,51499,8,512,12,6,AMD
135,Dell,50990,16,512,12,6,AMD
136,HP,23990,4,128,2,2,Intel
137,Acer,27990,8,512,8,4,AMD
138,HP,79990,16,1,12,10,Intel
139,Samsung,84390,16,512,12,10,Intel
140,Infinix,24990,8,256,4,2,Intel
141,Samsung,281990,32,1,20,14,NVIDIA
142,Lenovo,26590,8,512,2,2,AMD
143,Infinix,37990,16,1,8,4,Intel
144,Asus,71189,16,512,16,8,NVIDIA
145,HP,85999,16,512,16,8,NVIDIA
146,Lenovo,93990,16,1,16,8,AMD
147,Asus,84990,16,512,16,12,Intel
148,Dell,44190,8,1,6,5,Intel
149,Acer,159990,16,1,32,24,NVIDIA
150,HP,52990,16,512,12,6,AMD
151,Acer,39990,8,512,8,4,Intel
152,Dell,73990,16,1,12,10,Intel
153,Lenovo,57500,16,512,8,4,NVIDIA
154,Asus,59990,8,512,12,6,NVIDIA
155,Acer,53990,16,512,12,8,NVIDIA
156,Asus,33990,8,512,4,2,Intel
157,Dell,75990,16,512,16,12,Intel
158,Apple,144990,8,512,8,8,MAC
159,Asus,60539,16,512,16,12,Intel
160,Asus,56990,16,512,16,8,AMD
161,HP,75533,16,512,16,12,Intel
162,Dell,74990,8,512,16,10,NVIDIA
163,Asus,94990,16,512,16,8,NVIDIA
164,Asus,179990,16,1,32,24,NVIDIA
165,Asus,77990,16,512,12,8,NVIDIA
166,HP,37990,8,512,8,6,Intel
167,HP,62990,16,512,12,10,Intel
168,Acer,129999,16,1,24,16,NVIDIA
169,HP,52990,8,512,12,6,AMD
170,Acer,104990,16,512,24,16,NVIDIA
172,Acer,114499,16,1,24,16,NVIDIA
173,HP,49990,8,512,8,6,Intel
174,Asus,39990,8,512,8,6,Intel
175,Acer,68990,16,512,12,6,NVIDIA
176,Acer,79990,16,512,16,8,NVIDIA
177,MSI,66490,16,512,16,8,NVIDIA
178,Asus,69990,16,512,16,8,AMD
179,Asus,86490,16,512,16,12,Intel
180,HP,32790,8,512,8,4,AMD
181,Asus,429990,32,2,32,16,NVIDIA
182,Dell,49990,16,512,12,6,AMD
183,MSI,43990,16,512,12,6,AMD
184,MSI,36990,8,512,8,4,Intel
185,MSI,102990,16,1,16,10,NVIDIA
186,Acer,29990,8,256,8,8,Intel
187,HP,77889,16,1,12,10,Intel
188,Samsung,69990,8,512,12,10,Intel
189,Samsung,138990,16,1,16,12,Intel
190,HP,51990,8,512,12,6,AMD
191,Samsung,69990,8,512,16,12,Intel
192,Asus,72990,16,512,12,6,NVIDIA
193,Asus,50400,16,512,12,6,AMD
194,Dell,108000,8,512,12,10,Intel
195,Dell,50990,8,1,12,10,Intel
196,Lenovo,47990,8,512,8,4,NVIDIA
197,HP,91990,16,512,16,8,AMD
198,Acer,25449,8,256,4,2,AMD
199,Acer,33207,8,512,8,6,Intel
200,HP,52990,8,512,12,10,Intel
201,Dell,42434,8,512,12,6,AMD
202,HP,42200,8,1,4,2,Intel
203,HP,41990,16,512,12,6,AMD
204,Asus,80900,16,512,16,8,NVIDIA
205,Asus,38990,8,512,4,2,Intel
206,Apple,135990,8,512,8,8,MAC
207,Asus,72490,16,512,16,12,Intel
208,Asus,72490,16,512,16,12,Intel
209,Dell,35990,8,512,4,2,Intel
211,Dell,52500,8,1,8,4,Intel
212,Dell,59999,8,512,8,4,Intel
213,Apple,112990,8,512,8,8,MAC
215,Apple,201498,32,2,8,8,MAC
216,HP,64990,16,1,12,8,NVIDIA
217,Lenovo,68999,8,512,12,10,Intel
218,Lenovo,60990,8,512,12,6,NVIDIA
219,Dell,40990,8,512,8,6,Intel
220,Lenovo,107690,16,512,16,8,NVIDIA
221,Lenovo,25490,8,512,2,2,AMD
222,HP,38999,8,512,8,6,Intel
223,Infinix,59990,8,512,8,4,Intel
224,HP,60990,8,512,12,8,NVIDIA
225,HP,55500,8,512,12,6,NVIDIA
226,HP,124999,16,1,20,14,NVIDIA
227,HP,104990,16,1,16,8,NVIDIA
228,MSI,136990,16,1,16,10,NVIDIA
229,Lenovo,131990,16,1,16,8,NVIDIA
230,Lenovo,36490,8,512,4,2,Intel
231,Asus,188752,16,1,16,8,NVIDIA
232,HP,36999,8,512,8,6,Intel
233,Lenovo,92890,16,1,16,12,Intel
234,Dell,57990,8,256,8,6,Intel
235,HP,51999,8,512,12,10,Intel
236,Lenovo,79990,16,512,16,12,Intel
237,Lenovo,76890,16,512,12,10,Intel
238,Lenovo,37790,8,512,12,6,AMD
239,Acer,17990,8,128,2,2,Intel
240,HP,38990,8,512,8,6,Intel
241,Lenovo,41990,8,512,8,4,Intel
242,Lenovo,68990,16,512,12,8,Intel
243,HP,69990,16,1,12,10,Intel
244,Acer,56990,16,1,8,4,Intel
245,Asus,89990,16,1,16,8,NVIDIA
246,MSI,62990,16,512,12,8,NVIDIA
247,Lenovo,37990,8,512,8,6,Intel
248,Lenovo,58990,8,512,12,6,NVIDIA
249,Lenovo,26990,8,512,2,2,AMD
250,Asus,94990,16,1,16,10,NVIDIA
251,Asus,86189,16,512,16,8,NVIDIA
253,Lenovo,194990,16,1,20,14,NVIDIA
254,Lenovo,51990,8,512,8,4,NVIDIA
255,Lenovo,31990,8,256,4,2,Intel
256,Acer,41990,8,512,6,5,Intel
257,Asus,31990,8,256,4,2,Intel
258,Asus,51390,16,512,12,10,Intel
259,HP,76900,16,1,12,10,Intel
260,HP,27890,8,512,2,2,Intel
261,Lenovo,56990,16,512,8,4,Intel
262,Asus,73990,16,1,16,8,NVIDIA
263,HP,24999,8,512,4,2,AMD
264,HP,33999,8,256,12,6,AMD
265,Lenovo,61990,16,512,12,8,Intel
266,HP,47990,8,512,12,6,AMD
267,Asus,53990,8,512,12,6,NVIDIA
268,HP,31890,8,512,4,2,AMD
269,Asus,62390,16,512,12,6,NVIDIA
272,Infinix,49990,16,512,12,10,Intel
273,Dell,43490,8,512,6,5,Intel
274,Dell,95640,16,1,12,10,Intel
275,HP,125990,16,1,16,8,NVIDIA
276,HP,72990,16,1,12,10,Intel
277,MSI,47990,8,512,12,6,NVIDIA
278,HP,99999,16,512,16,12,NVIDIA
279,Asus,40990,8,512,8,6,Intel
280,Asus,94990,16,512,20,14,Intel
281,Asus,37990,8,512,4,2,Intel
282,Lenovo,73990,16,512,12,8,NVIDIA
283,Lenovo,109990,16,512,16,8,NVIDIA
284,Acer,65999,8,512,12,8,NVIDIA
285,Acer,35990,8,512,12,6,AMD
286,Asus,37980,8,512,8,6,Intel
287,MSI,40789,16,512,8,4,Intel
288,Dell,450039,64,1,32,24,NVIDIA
289,Asus,89990,16,1,16,10,NVIDIA
290,Acer,56990,16,512,12,10,NVIDIA
292,Acer,54990,8,512,16,12,Intel
293,Dell,67000,8,1,12,10,Intel
294,Lenovo,34499,8,512,8,4,AMD
295,HP,107763,16,512,20,14,Intel
296,Dell,61490,8,1,8,6,Intel
297,HP,80490,16,512,16,12,Intel
298,Lenovo,57990,16,512,12,6,NVIDIA
299,MSI,39990,16,512,8,4,Intel
300,Lenovo,53990,8,512,8,6,Intel
301,Dell,44500,8,512,8,4,AMD
302,HP,48999,16,512,8,4,AMD
303,HP,116990,16,1,12,10,Intel
304,Acer,30990,8,512,8,4,AMD
305,Lenovo,33790,8,512,8,4,AMD
306,MSI,51990,16,512,12,6,NVIDIA
307,Asus,45990,8,512,12,10,Intel
308,MSI,51990,8,512,12,6,NVIDIA
309,Lenovo,34099,8,512,8,6,Intel
310,HP,65600,16,512,16,8,AMD
311,Lenovo,27990,8,512,8,4,AMD
312,Lenovo,46990,8,512,12,10,Intel
313,Dell,161590,16,1,8,14,NVIDIA
314,Dell,98990,16,512,12,10,Intel
315,Lenovo,172990,32,1,20,14,NVIDIA
316,Acer,25990,8,256,4,2,Intel
317,HP,61990,16,512,12,6,NVIDIA
318,Asus,76990,16,1,16,8,AMD
319,Dell,126790,16,512,8,14,NVIDIA
320,Asus,209990,16,1,20,14,NVIDIA
321,Asus,209990,16,1,32,24,NVIDIA
322,Asus,142990,16,1,8,14,NVIDIA
323,Asus,156990,16,1,20,14,NVIDIA
324,Asus,93980,16,512,16,12,NVIDIA
325,Asus,53990,8,512,12,6,NVIDIA
326,HP,51990,8,512,12,10,Intel
327,Asus,35990,16,512,4,2,Intel
328,HP,37990,8,512,8,6,Intel
329,HP,46490,16,512,8,4,AMD
330,HP,90490,16,1,16,12,Intel
331,HP,55990,8,512,12,6,NVIDIA
332,Asus,159990,16,1,20,14,NVIDIA
333,HP,57990,8,512,12,10,Intel
334,Acer,104990,16,512,24,16,NVIDIA
335,Acer,99990,16,512,20,14,NVIDIA
336,MSI,80500,16,512,12,8,MAC
337,Dell,37990,8,512,12,6,AMD
338,HP,34250,8,512,8,4,AMD
339,HP,109990,16,512,20,14,NVIDIA
340,HP,33990,8,512,4,2,Intel
341,Asus,79990,16,512,12,10,Intel
342,Asus,64990,16,512,16,12,Intel
343,Asus,109990,16,1,20,14,Intel
344,MSI,62990,16,512,16,8,AMD
346,MSI,420000,64,2,32,24,NVIDIA
347,Lenovo,23990,8,256,2,2,AMD
348,HP,42999,8,512,8,4,AMD
349,HP,38861,8,512,12,6,AMD
350,Lenovo,33590,8,512,8,6,Intel
351,HP,15990,4,128,2,2,Intel
352,Asus,33980,8,512,8,4,AMD
353,Acer,78400,8,512,12,6,NVIDIA
354,Asus,79990,16,512,16,8,NVIDIA
355,Acer,47990,12,512,12,10,Intel
356,Asus,74990,16,512,12,6,NVIDIA
357,MSI,45889,8,512,12,10,Intel
358,Asus,90990,16,512,16,8,AMD
359,Asus,50990,8,512,8,4,AMD
360,Samsung,74990,16,512,12,10,Intel
361,Infinix,25990,8,512,4,2,Intel
362,Samsung,133990,16,1,12,10,Intel
363,Samsung,165990,16,1,16,12,Intel
364,Samsung,163990,16,512,16,12,Intel
365,Samsung,109990,16,512,12,10,Intel
366,Samsung,139990,16,512,16,12,Intel
367,Samsung,109990,16,512,12,10,Intel
368,Samsung,149990,16,512,16,12,Intel
369,Samsung,179990,16,1,16,12,Intel
370,Samsung,155990,16,512,16,12,Intel
371,Samsung,229900,32,512,20,14,NVIDIA
372,Lenovo,35990,8,512,12,6,AMD
373,HP,37990,8,512,4,2,Intel
374,HP,34999,8,512,4,2,Intel
375,Apple,290990,32,1,8,12,MAC
376,Apple,234990,16,1,8,12,MAC
377,HP,82799,16,512,16,12,Intel
378,Dell,31790,8,256,8,4,AMD
379,Lenovo,60990,8,512,16,8,NVIDIA
380,MSI,86990,16,1,12,8,NVIDIA
381,Dell,52990,16,512,8,4,Intel
382,Dell,38990,8,512,12,6,AMD
383,Asus,52558,16,512,8,4,AMD
384,Asus,31990,8,512,4,2,Intel
385,HP,34499,8,512,8,4,AMD
386,Asus,94490,16,512,16,12,Intel
387,HP,33800,8,512,4,2,Intel
388,Samsung,74390,16,512,12,10,Intel
389,Asus,104490,16,512,16,12,Intel
390,Asus,105739,16,1,20,14,Intel
391,Lenovo,45500,8,512,8,6,Intel
392,Asus,50760,16,512,8,4,AMD
393,Asus,49990,16,512,8,4,AMD
394,Asus,33199,8,512,8,4,AMD
395,Asus,70990,16,512,16,8,NVIDIA
396,Acer,64990,8,512,12,6,NVIDIA
397,Asus,59990,16,512,12,6,AMD
398,Asus,88990,16,512,16,8,AMD
399,Asus,44990,8,512,8,4,AMD
400,HP,77990,16,1,16,8,AMD
401,Asus,70990,16,512,16,8,AMD
402,Lenovo,55990,8,512,12,6,NVIDIA
404,Acer,37990,8,512,8,4,AMD
405,HP,64990,16,512,12,6,NVIDIA
406,Lenovo,32990,8,512,8,4,AMD
407,Samsung,179490,16,1,16,12,Intel
408,Infinix,56990,16,512,16,12,Intel
409,HP,56990,8,512,12,6,NVIDIA
410,Asus,34990,8,512,4,2,Intel
411,HP,83249,16,512,16,12,Intel
412,Dell,57990,16,512,12,10,Intel
413,HP,85490,16,512,12,10,Intel
414,Dell,55890,8,512,12,10,Intel
415,Asus,40689,8,512,12,10,Intel
416,Acer,48990,16,512,12,10,Intel
417,HP,66648,16,512,12,10,Intel
418,Acer,36990,8,512,8,6,Intel
420,Lenovo,144990,32,1,20,14,NVIDIA
421,Dell,118499,16,512,8,4,Intel
422,Lenovo,35490,8,512,12,6,AMD
423,Lenovo,62889,16,512,16,8,AMD
424,Lenovo,63999,8,512,12,6,NVIDIA
426,Asus,49990,8,512,12,10,Intel
427,Asus,54990,8,512,12,10,Intel
428,Lenovo,119990,16,512,20,14,NVIDIA
429,MSI,85990,16,512,20,14,NVIDIA
430,MSI,85590,16,1,20,14,NVIDIA
431,Lenovo,31990,8,512,8,4,AMD
432,Asus,55800,16,512,12,6,AMD
434,Acer,31500,8,512,4,2,Intel
435,Asus,37990,8,512,4,2,Intel
436,HP,63490,8,512,12,6,NVIDIA
437,Lenovo,60990,16,512,12,10,Intel
438,Lenovo,39900,8,512,12,6,AMD
439,Asus,33990,8,512,4,2,Intel
440,HP,57580,16,512,12,10,Intel
441,Asus,339990,32,2,16,8,NVIDIA
442,HP,34999,8,512,4,2,Intel
443,HP,54990,8,512,12,10,Intel
444,HP,35999,8,1,4,2,Intel
445,HP,41710,8,1,4,2,Intel
446,Dell,50090,8,512,12,6,AMD
447,HP,45890,16,512,12,6,AMD
448,HP,29990,8,512,2,2,AMD
449,HP,37672,8,512,4,2,Intel
450,Dell,83523,16,512,16,8,NVIDIA
451,Acer,52128,8,512,16,12,NVIDIA
452,Acer,39990,8,512,12,10,Intel
453,Dell,54790,8,512,16,8,AMD
454,Acer,147090,32,2,20,14,NVIDIA
455,HP,67990,16,512,12,10,Intel
456,MSI,49290,8,512,12,6,NVIDIA
457,Asus,51990,8,512,8,4,NVIDIA
458,HP,83149,16,1,12,10,Intel
459,HP,54999,8,512,12,10,Intel
460,Samsung,74990,16,512,12,10,Intel
461,Lenovo,66990,16,512,16,8,NVIDIA
462,HP,61990,8,512,16,12,Intel
463,HP,51573,8,512,12,6,AMD
464,Acer,31500,8,256,4,2,Intel
465,Acer,29000,4,256,4,2,Intel
466,HP,32990,8,512,8,4,AMD
467,Lenovo,36990,8,512,12,6,AMD
468,Apple,239900,16,1,8,10,MAC
469,Apple,309490,32,1,8,10,MAC
470,Dell,49990,8,512,8,4,Intel
471,Dell,40250,8,1,4,2,Intel
472,Asus,59990,16,512,16,8,NVIDIA
473,Dell,57990,8,1,8,4,NVIDIA
478,HP,37290,8,1,4,2,AMD
481,HP,90464,8,512,8,4,MAC
482,Acer,54490,8,512,8,4,Intel
483,Apple,199900,8,512,8,4,Intel
484,Dell,89999,8,256,8,4,Intel
485,Dell,260000,32,1,12,10,Intel
486,Acer,45999,16,1,8,4,Intel
487,Lenovo,106990,16,1,16,12,Intel
488,Lenovo,221990,16,1,12,10,Intel
489,Acer,146990,32,2,20,14,NVIDIA
490,Asus,52990,8,512,8,4,NVIDIA
491,Acer,59990,8,512,16,12,Intel
492,Dell,52990,8,512,8,4,Intel
493,Samsung,64490,16,512,12,10,Intel
494,Samsung,78990,8,512,16,12,Intel
495,Samsung,59900,8,512,12,10,Intel
496,HP,55990,16,512,12,6,AMD
497,Lenovo,19990,4,256,2,2,Intel
499,Samsung,112990,16,512,16,8,Intel
500,Samsung,101990,16,512,16,8,Intel
501,Samsung,102990,16,512,16,12,Intel
502,Asus,33499,4,128,4,4,Intel
503,HP,33999,8,512,8,4,AMD
504,Apple,215994,16,512,8,10,MAC
505,Apple,215994,16,1,8,10,MAC
506,Asus,26500,4,1,4,2,Intel
508,Dell,68000,16,512,8,4,Intel
509,Lenovo,47925,8,512,8,4,Intel
511,Dell,67800,8,512,8,4,Intel
513,Apple,72999,8,256,8,4,Intel
514,Apple,109999,8,512,8,4,Intel
515,Dell,87990,8,256,8,4,MAC
516,HP,121900,16,512,12,6,Intel
517,Asus,136490,16,1,12,6,NVIDIA
519,HP,50490,16,512,16,8,AMD
520,Dell,71990,16,1,12,10,Intel
521,Dell,136899,16,1,8,14,NVIDIA
522,Lenovo,62990,16,512,12,6,AMD
523,Asus,43990,8,512,8,4,AMD
524,Acer,33990,8,512,8,4,AMD
525,Asus,58990,16,1,12,6,Intel
526,MSI,154990,16,1,20,14,NVIDIA
527,MSI,69990,16,1,8,4,Intel
528,Lenovo,50000,8,512,4,2,Intel
529,Lenovo,36990,8,512,8,4,AMD
530,Asus,76500,16,512,16,8,AMD
531,Lenovo,33990,8,256,8,6,Intel
532,Lenovo,32990,8,512,8,4,AMD
533,Asus,103221,16,512,16,12,NVIDIA
534,Asus,89990,16,512,12,8,NVIDIA
535,Lenovo,56990,8,512,8,4,NVIDIA
536,Asus,44980,16,512,8,4,AMD
537,Asus,23990,8,256,2,2,Intel
538,Asus,76990,16,512,16,8,NVIDIA
539,Acer,26920,8,64,2,2,Intel
541,Dell,38990,8,512,4,2,Intel
542,Lenovo,52990,8,512,8,4,NVIDIA
543,HP,362999,32,1,32,24,NVIDIA
544,Acer,64990,16,512,12,8,NVIDIA
545,Acer,62990,16,512,12,8,NVIDIA
546,Acer,18990,8,256,2,2,Intel
547,HP,169999,16,512,24,16,NVIDIA
548,HP,189999,16,1,24,16,NVIDIA
549,HP,298999,32,2,32,24,NVIDIA
550,HP,99999,16,1,16,8,AMD
551,HP,267999,16,1,24,16,NVIDIA
552,Lenovo,108990,16,1,20,14,NVIDIA
553,Lenovo,51990,8,512,8,4,NVIDIA
554,Asus,62608,16,512,12,6,NVIDIA
555,Acer,57999,8,512,16,12,NVIDIA
556,Dell,62990,8,512,12,10,Intel
557,Lenovo,71990,16,512,12,8,Intel
558,Lenovo,297990,32,1,32,24,NVIDIA
559,Lenovo,138490,16,1,16,10,NVIDIA
560,Lenovo,103395,16,512,16,8,NVIDIA
561,Lenovo,88990,16,512,16,8,NVIDIA
562,MSI,419990,64,2,8,24,NVIDIA
563,Lenovo,87990,16,512,12,10,Intel
564,Lenovo,48990,8,512,12,10,Intel
565,MSI,79990,16,512,16,8,AMD
566,Lenovo,33990,8,256,8,6,Intel
567,HP,26990,8,512,2,2,Intel
568,Acer,13990,4,64,2,2,Intel
569,Acer,49990,16,1,8,4,Intel
570,MSI,59990,8,512,12,6,AMD
571,Asus,91990,16,1,16,8,NVIDIA
572,Asus,95689,16,1,20,14,Intel
573,Acer,26732,8,128,2,2,Intel
574,HP,89999,16,512,8,4,Intel
575,Asus,69990,16,1,16,8,AMD
576,Asus,65391,16,1,12,6,AMD
577,Lenovo,90000,16,512,16,8,AMD
578,Lenovo,38390,8,512,8,6,Intel
579,Lenovo,40990,8,512,8,4,AMD
580,Lenovo,50990,8,512,8,4,NVIDIA
581,Dell,47990,8,512,8,4,Intel
582,Dell,59990,16,512,12,10,Intel
583,Dell,61990,8,512,12,10,Intel
584,Lenovo,31990,8,512,8,4,AMD
585,MSI,129990,32,1,20,14,NVIDIA
586,Lenovo,49989,8,512,12,10,Intel
587,Dell,42990,8,512,12,6,AMD
588,MSI,259990,32,1,20,14,NVIDIA
589,Lenovo,44690,8,512,6,5,Intel
590,Lenovo,61990,16,512,12,6,AMD
591,HP,123300,16,1,12,10,Intel
592,Dell,74499,16,1,12,10,Intel
593,Lenovo,47990,8,512,8,4,NVIDIA
594,Lenovo,85990,16,1,16,8,AMD
595,Lenovo,61990,16,512,16,8,AMD
597,HP,49990,8,512,12,6,AMD
598,Lenovo,112990,16,512,16,8,NVIDIA
599,Lenovo,127990,16,512,16,8,NVIDIA
600,HP,91590,16,512,12,10,Intel
601,HP,103060,16,512,16,12,NVIDIA
602,HP,39600,8,512,8,4,AMD
603,Lenovo,137590,16,512,16,8,NVIDIA
604,Lenovo,53980,16,512,16,8,AMD
605,Acer,54990,16,512,12,6,AMD
606,Asus,28099,8,512,2,2,Intel
607,HP,415000,16,1,12,10,Intel
612,Asus,65990,16,1,16,8,AMD
613,HP,56990,8,512,12,6,NVIDIA
614,Lenovo,88999,16,1,8,4,Intel
615,Lenovo,35990,8,512,4,2,Intel
616,Lenovo,111490,16,512,16,12,Intel
617,HP,50990,8,512,12,10,Intel
618,Lenovo,89500,16,512,12,10,Intel
619,Lenovo,66388,16,512,12,6,AMD
620,Asus,66990,16,1,12,6,NVIDIA
621,Asus,74990,16,1,16,8,NVIDIA
622,HP,26990,8,512,4,2,AMD
623,Dell,65990,8,1,12,10,Intel
624,Asus,87990,16,1,16,10,NVIDIA
625,Dell,36480,8,512,4,2,Intel
626,Dell,63989,8,1,12,10,Intel
628,Asus,104990,16,512,16,10,NVIDIA
629,HP,64800,8,512,12,10,Intel
630,Asus,27990,4,64,2,2,Intel
631,Asus,14990,4,128,2,2,Intel
632,Asus,22990,4,64,2,2,Intel
633,Asus,23990,4,128,2,2,Intel
634,HP,42900,8,512,8,6,Intel
637,Lenovo,57990,16,512,16,8,AMD
638,Asus,104222,16,512,16,10,NVIDIA
640,Lenovo,63990,16,512,16,8,AMD
641,Lenovo,48990,8,512,8,4,AMD
642,Lenovo,46990,8,512,12,10,Intel
643,HP,55990,8,512,12,6,NVIDIA
644,Asus,66990,16,512,12,8,NVIDIA
645,Asus,89990,16,512,12,8,NVIDIA
646,MSI,62990,16,512,12,6,NVIDIA
647,MSI,85990,16,512,16,10,NVIDIA
648,Lenovo,47100,8,512,8,6,Intel
649,Lenovo,91990,16,512,16,8,AMD
650,Asus,67990,16,512,12,6,NVIDIA
651,Acer,39990,16,512,12,6,AMD
652,Acer,36990,8,512,12,6,AMD
653,Asus,33990,8,512,8,4,AMD
654,Lenovo,43800,8,512,8,4,Intel
655,HP,179490,32,1,16,8,NVIDIA
657,Dell,84990,16,1,12,10,Intel
659,Asus,57990,16,512,12,6,NVIDIA
660,HP,58990,8,512,12,6,NVIDIA
661,Dell,304990,32,1,20,14,NVIDIA
662,Asus,33990,8,512,8,4,AMD
664,Acer,39900,8,512,8,8,Intel
665,Lenovo,36490,8,512,4,2,Intel
666,Lenovo,87490,16,512,16,10,Intel
667,Dell,44990,8,1,6,5,Intel
668,Lenovo,107990,16,512,16,12,Intel
669,Dell,46900,8,1,8,4,AMD
670,Dell,98890,16,1,16,12,Intel
671,Dell,76990,8,1,12,10,Intel
672,Dell,86990,16,1,16,12,Intel
673,Dell,86990,16,1,12,10,Intel
674,Dell,58490,8,512,12,10,Intel
675,HP,69199,16,512,12,6,NVIDIA
676,MSI,45990,8,512,12,6,NVIDIA
677,MSI,94990,16,512,16,10,NVIDIA
678,MSI,97990,8,1,16,10,NVIDIA
679,MSI,179990,16,1,20,14,NVIDIA
680,MSI,125990,8,1,20,14,NVIDIA
681,HP,116463,16,512,16,12,NVIDIA
682,HP,109990,16,512,20,14,NVIDIA
683,HP,153625,16,512,20,14,NVIDIA
684,HP,270129,32,1,32,24,NVIDIA
686,Lenovo,58990,16,512,12,6,AMD
687,HP,107190,16,512,12,10,Intel
689,HP,102090,16,512,12,8,NVIDIA
690,HP,231746,16,512,12,10,Intel
691,Asus,81990,16,512,16,10,NVIDIA
692,Dell,36890,8,512,4,2,Intel
693,Lenovo,87990,16,512,12,8,NVIDIA
694,HP,77990,16,512,12,10,Intel
696,Lenovo,97990,16,512,16,8,NVIDIA
697,MSI,284990,32,1,32,24,NVIDIA
698,MSI,344990,32,2,32,24,NVIDIA
699,HP,146599,16,1,24,16,NVIDIA
700,Acer,44990,8,512,8,4,NVIDIA
701,Lenovo,57990,16,512,12,6,AMD
702,HP,128599,16,512,16,8,NVIDIA
703,Asus,21990,4,256,2,2,Intel
704,HP,151990,16,512,24,16,NVIDIA
705,Infinix,52990,16,1,8,4,Intel
706,Lenovo,119888,16,1,8,4,Intel
707,HP,22990,4,256,2,2,AMD
708,Lenovo,76888,16,512,12,6,AMD
709,Dell,256990,16,1,20,14,NVIDIA
710,Dell,83090,16,512,16,12,Intel
711,Dell,67999,16,512,8,4,NVIDIA
712,Acer,96256,16,512,20,14,NVIDIA
713,MSI,77990,16,512,16,12,Intel
714,Dell,323290,32,1,32,24,NVIDIA
715,Dell,67990,16,512,16,8,AMD
716,MSI,82990,8,512,16,12,Intel
717,Dell,199990,16,1,16,8,NVIDIA
719,Lenovo,73990,16,512,12,6,AMD
720,Asus,67990,16,512,12,6,NVIDIA
721,Asus,142990,16,1,20,14,NVIDIA
722,Lenovo,64990,16,512,16,8,AMD
723,Asus,84800,16,512,16,10,NVIDIA
724,Lenovo,64990,16,512,12,6,AMD
725,Acer,129990,16,512,16,8,NVIDIA
726,Acer,114990,8,512,16,8,NVIDIA
727,Acer,80000,8,512,12,10,NVIDIA
728,Acer,54990,16,512,12,10,NVIDIA
730,Dell,69990,8,512,8,4,Intel
731,Asus,76990,16,512,16,8,NVIDIA
734,HP,29999,8,512,4,4,Intel
735,HP,97705,16,512,12,10,NVIDIA
736,HP,240707,32,1,20,14,NVIDIA
737,HP,234990,16,1,20,14,NVIDIA
738,HP,209990,16,1,20,14,NVIDIA
739,HP,390914,32,1,20,14,NVIDIA
740,HP,172588,16,1,20,14,NVIDIA
741,HP,254657,16,1,20,14,NVIDIA
743,Lenovo,23990,4,256,2,2,Intel
744,Asus,119990,16,512,16,8,NVIDIA
747,Asus,61990,16,512,12,10,Intel
748,HP,26999,8,512,4,2,AMD
749,HP,103099,16,512,12,8,NVIDIA
750,Infinix,64990,32,1,20,14,Intel
751,Lenovo,47990,8,512,12,10,Intel
752,Lenovo,24990,8,256,2,2,Intel
753,Lenovo,130800,16,512,8,4,NVIDIA
754,MSI,57990,16,512,16,8,NVIDIA
755,Lenovo,38500,8,512,8,4,AMD
756,MSI,47990,8,512,12,6,NVIDIA
757,Lenovo,44990,8,512,8,4,AMD
758,MSI,69990,16,512,12,8,NVIDIA
759,Asus,61990,16,512,12,10,Intel
760,Asus,89990,16,512,12,8,NVIDIA
761,Asus,65990,16,512,12,10,Intel
762,Lenovo,58990,8,512,12,6,AMD
763,HP,94990,16,512,12,10,Intel
764,HP,86490,16,512,16,8,AMD
765,HP,77490,16,512,12,6,AMD
766,HP,85490,16,512,12,6,AMD
767,Lenovo,44000,8,512,6,5,Intel
768,HP,51990,16,512,8,4,AMD
769,Dell,37990,8,1,4,2,Intel
770,HP,34990,8,512,8,4,AMD
771,Lenovo,57799,16,512,12,6,AMD
772,Lenovo,65990,8,512,12,10,Intel
773,Lenovo,53990,8,512,12,10,MAC
774,Lenovo,49990,8,512,12,6,NVIDIA
775,MSI,171990,16,1,16,10,NVIDIA
776,HP,44990,8,512,8,6,Intel
777,HP,115990,16,1,12,10,Intel
778,HP,50990,16,512,8,4,AMD
779,HP,109990,16,512,12,10,Intel
780,Acer,29990,8,256,8,4,AMD
781,Asus,163999,16,1,16,8,NVIDIA
782,Asus,58990,8,1,12,6,NVIDIA
783,Dell,83990,16,512,12,10,Intel
784,Dell,43890,8,512,12,6,AMD
786,Lenovo,35490,8,512,4,2,Intel
787,HP,137890,32,1,16,8,NVIDIA
788,Dell,94990,16,512,12,10,Intel
789,Lenovo,67990,16,512,12,8,NVIDIA
790,HP,46990,8,512,8,4,AMD
791,Asus,94990,16,512,16,10,NVIDIA
792,MSI,83500,8,512,12,6,NVIDIA
793,MSI,91990,16,512,12,8,NVIDIA
794,MSI,111990,16,512,16,10,NVIDIA
795,HP,67990,16,512,12,10,Intel
796,Lenovo,67999,8,512,12,10,Intel
797,Lenovo,46200,8,512,8,6,Intel
798,Dell,52998,8,512,8,6,Intel
799,Dell,45499,8,512,12,6,AMD
800,Lenovo,49999,8,512,8,6,Intel
801,Acer,29980,8,256,8,8,Intel
802,Dell,57290,8,512,12,6,AMD
803,HP,58990,8,512,8,4,Intel
805,MSI,79990,16,512,16,8,NVIDIA
806,MSI,78990,16,512,12,6,NVIDIA
807,Acer,51990,8,512,12,10,Intel
808,MSI,104990,16,1,16,8,MAC
809,MSI,104990,16,1,16,8,MAC
810,Acer,39990,8,512,8,4,Intel
811,MSI,59990,16,512,16,8,NVIDIA
812,MSI,47990,8,512,12,6,NVIDIA
813,Asus,47890,8,512,12,10,Intel
814,MSI,85490,16,512,12,6,MAC
815,MSI,94990,16,1,16,8,MAC
816,MSI,95490,16,1,16,8,MAC
817,HP,54999,8,512,8,6,AMD
818,Lenovo,159000,16,512,16,12,Intel
819,Dell,80610,16,512,16,12,NVIDIA
820,MSI,77990,8,512,16,12,Intel
821,Dell,303490,32,1,20,14,NVIDIA
822,Dell,201990,32,1,16,12,Intel
823,Dell,278290,32,1,20,14,NVIDIA
824,Lenovo,286200,32,1,32,24,NVIDIA
825,Lenovo,157544,16,1,16,12,NVIDIA
826,Lenovo,140990,16,1,16,8,NVIDIA
827,Lenovo,133000,16,512,12,10,Intel
828,Lenovo,72500,8,512,12,10,Intel
834,Lenovo,63999,16,1,12,10,Intel
835,Dell,43490,8,512,12,6,AMD
838,MSI,36990,16,512,8,6,Intel
839,Asus,63990,16,512,12,8,NVIDIA
840,Lenovo,45990,8,512,12,10,Intel
841,Lenovo,34990,8,512,12,6,AMD
842,Lenovo,41490,8,512,12,6,AMD
843,Asus,64990,16,512,16,8,NVIDIA
844,HP,57990,8,512,12,6,NVIDIA
845,Acer,54990,16,512,12,8,NVIDIA
846,Dell,208990,16,1,16,10,NVIDIA
847,Asus,91560,16,1,16,12,Intel
848,Lenovo,74000,16,512,8,4,Intel
849,Lenovo,51999,8,512,12,10,Intel
850,Lenovo,31990,8,512,8,4,AMD
851,Lenovo,32490,8,256,4,2,Intel
852,Lenovo,74888,16,512,8,4,NVIDIA
853,HP,66500,8,512,12,6,NVIDIA
854,Dell,156799,16,1,8,14,NVIDIA
855,Dell,166899,32,1,8,14,NVIDIA
856,Dell,89990,16,512,12,10,Intel
857,HP,171499,16,1,24,16,NVIDIA
858,HP,29999,8,512,4,4,Intel
859,Lenovo,35998,8,512,4,2,Intel
860,Dell,44989,8,512,6,5,Intel
861,Acer,34990,8,512,8,6,Intel
862,Infinix,48990,16,512,8,4,Intel
863,Dell,72990,8,512,12,10,Intel
864,Dell,71570,16,512,12,10,Intel
865,HP,74990,16,512,16,8,NVIDIA
866,Asus,25990,8,256,2,2,Intel
867,HP,46490,8,512,16,8,AMD
868,Dell,64590,8,512,12,10,Intel
869,Dell,63990,8,512,12,10,Intel
870,MSI,247999,32,1,20,14,NVIDIA
871,Dell,93990,8,512,12,10,Intel
872,HP,51990,8,512,12,6,AMD
873,Asus,47990,8,512,12,6,AMD
874,Lenovo,34390,8,512,8,6,Intel
875,Acer,50990,8,512,12,8,NVIDIA
876,HP,28490,8,512,2,2,Intel
877,MSI,79990,8,512,16,10,NVIDIA
878,MSI,79990,16,1,12,8,NVIDIA
879,Acer,29990,8,512,8,4,AMD
880,HP,59990,8,512,12,6,NVIDIA
881,Acer,107399,16,1,16,8,AMD
882,Dell,129199,16,512,8,14,NVIDIA
883,Dell,119990,16,512,8,14,NVIDIA
884,Dell,187490,16,1,32,24,NVIDIA
885,Dell,125699,16,512,8,14,NVIDIA
886,Acer,49990,16,512,8,6,Intel
887,Acer,56990,16,512,12,10,Intel
888,Asus,44990,8,512,8,6,Intel
889,Asus,110000,16,1,16,8,NVIDIA
890,Asus,189990,32,1,16,8,NVIDIA
891,Asus,129990,16,512,20,14,NVIDIA
892,Asus,131990,16,1,16,8,NVIDIA
